,Urban Population,Population Growth,Population,GDP in $,CO2 Emission,biomass,wind,solar,renewable,nuclear,hydro,coal,gaz,Oil
1982,1843755802.0,1.7992121410248498,4593454253.0,11507419044047.1,18562354.0,61.37055641610978,0.018499999999999996,0.0,61.38905641610978,916.6454616947393,1796.8831715390418,1909.8921029742385,1256.1164990724521,2797.7228274107943
1983,1892827915.0,1.7832632151828298,4675367633.0,11739581031767.402,18484356.91,68.01793273743819,0.03279494949494946,0.003,68.05372768693314,1029.3987127789499,1879.26897807464,1903.873374416398,1267.3242526506285,2762.004488275377
1984,1942866006.0,1.7459683688579,4756998073.0,12172632270220.0,19145865.375,76.00921830667598,0.04475555555555548,0.0063111111111111,76.06028497334265,1244.320289873687,1941.0591836147557,1987.0697613233453,1375.8985081517194,2816.1207133269154
1985,1994247166.0,1.74810024565674,4840155168.0,12786868776197.201,19719241.162,77.79223117997597,0.06422020202020197,0.011747474747474736,77.86819885674365,1488.9728816105298,1979.5897733001768,2077.908542502429,1413.4351913895994,2791.4601402644553
1986,2047492186.0,1.76949215525646,4925801334.0,15109518321326.598,20315356.016,85.57913281245379,0.1388313131313131,0.015183838383838372,85.73314796396896,1594.790420484214,2006.711403989199,2126.712074743974,1450.6170688617497,2929.340512621318
1987,2102280624.0,1.7819446430804804,5013576387.0,17186317201890.201,20817151.963,91.6428543446685,0.19537676767676762,0.010603030303030303,91.8488341426483,1734.7825570315827,2034.5146333470948,2167.574095217383,1523.085582831811,2936.104079465743
1988,2158076715.0,1.7695344431180797,5102293348.0,19226665300870.3,21565403.312999997,94.28072727351741,0.33157979797979803,0.010195959595959583,94.62250303109317,1891.3252592736865,2099.1108183396805,2220.5925112632913,1590.7771639618095,3061.595423857852
1989,2213986943.0,1.7378827117958198,5190965222.0,20068920934036.3,22029385.156,104.03431282361699,2.649776767676741,0.26222323232323225,106.94631282361698,1945.0802479263214,2086.541190025097,2260.08258648514,1645.5056646306957,3098.559090914253
1990,2271805636.0,1.7410029182430102,5281340078.0,22603206098495.3,22149402.399,116.54032959375112,3.6324705158989543,0.3882949494949495,120.56109505914503,2000.4747995578982,2161.0480835907406,2251.658416907108,1696.5124283644,3157.8705361968873
1991,2329303604.0,1.6637825949900997,5369210095.0,23942384829866.402,22403928.86900001,121.49724610035416,4.086706674707034,0.5052028729674543,126.08915564802864,2096.1917689894785,2213.1327567942953,2191.079558513393,1717.435741054618,3149.1417327400045
1992,2384524997.0,1.5679003710135098,5453393960.0,25425855198396.5,22183417.491,130.4426247527588,4.7332120191514795,0.46858510948822124,135.64442188139853,2112.10945383202,2211.5055930434196,2188.3427189383456,1721.8431503724898,3194.769523371669
1993,2441829440.0,1.5596666337306002,5538448726.0,25838198034038.598,22162174.56,134.8256748342745,5.697568819393899,0.5566975240299379,141.07994117769834,2184.84873352652,2344.2661506848026,2123.4851403675398,1741.1392412631362,3190.351667181468
1994,2499212205.0,1.51895772917553,5622575421.0,27753090818176.402,22551690.634,139.91448289476392,7.122929844242377,0.6000139253602809,147.6374266643666,2225.8758953483407,2359.6925188445516,2174.349672000727,1766.0662870185379,3234.693635294433
1995,2558434408.0,1.5110086684242199,5707533023.0,30865108095791.805,23037524.13,145.7193741468807,8.26192344363632,0.6408137794886037,154.62211137000563,2322.415627683887,2488.985020396689,2240.1814315706238,1795.2980960518603,3278.89612576322
1996,2616500742.0,1.45283779639726,5790454220.0,31549409160506.695,23571556.674,149.81292841389433,9.204600660595922,0.7052079715988194,159.7227370460891,2406.8236057699587,2523.825940212398,2276.349029498367,1882.5784537228212,3366.2948774513256
1997,2675193465.0,1.42678872608373,5873071768.0,31435985940809.5,23975007.347999997,161.06672525974932,12.017816469777737,0.756584791929711,173.84112652145677,2390.2967162013983,2569.6238899466,2309.1833529598375,1882.2692433498253,3441.3754097974083
1998,2734448158.0,1.3917552045824098,5954810550.0,31367309193548.098,24114192.0,168.57133920177074,15.921260267804914,0.8317889652847927,185.32438843486045,2431.385960441457,2590.5595494379845,2267.015987344116,1931.969841148952,3528.31725082008
1999,2793971265.0,1.3514046219320903,6035284135.0,32529370037527.902,24059187.0,177.19831640366343,21.216174006609346,0.9161968992285394,199.33068730950131,2524.3691956050297,2608.299500172241,2267.69619405936,1987.4786318810957,3448.304748681612
2000,2854279372.0,1.3226258485011597,6115108363.0,33581571601703.805,24689911.0,185.45238144909032,31.420936564133243,1.1254073967022529,217.99872540992584,2580.913074515191,2654.7035059578307,2300.8565227445865,2065.76514635979,3597.3919171242555
2001,2919083083.0,1.29763981747448,6194460444.0,33382422263799.0,25276631.0,191.22851458370016,38.39094694714436,1.4090736791505507,231.02853520999514,2653.772908872078,2586.4793686152902,2398.019808352939,2114.9161989887843,3597.512905102508
2002,2987617002.0,1.2763984484973898,6273526441.0,34669304532580.902,25646998.0,205.85318182419766,52.33175697155786,1.7753711305516702,259.9603099263071,2696.174442703869,2633.5897468544094,2427.3712546033294,2163.2616941852266,3554.7082450264643
2003,3057172140.0,1.2616709078121497,6352677699.0,38899897038562.5,27047792.0,217.37914908630964,62.91692708448412,2.269183154744631,282.5652593255385,2641.5795454610156,2628.619236796692,2605.194462158966,2240.732642166064,3713.090233358374
2004,3128054896.0,1.25454612647114,6432374971.0,43811772234694.6,28393581.0,234.57273941517954,85.11716233483959,2.9867992181602876,322.67670096817943,2757.125213013655,2805.32667205372,2830.8885918869314,2313.975981080949,3898.152021836367
2005,3200209755.0,1.2472515417976,6512602867.0,47459060744747.305,29490014.0,254.82359501873742,104.08586481040452,4.177705657396107,363.08716548653797,2769.050089687323,2915.8412864904058,3010.1004080109537,2368.914340756335,3931.403433986631
2006,3273026502.0,1.24405459160634,6593623202.0,51442676003488.11,30568112.0,271.87276047021066,132.85906792295887,5.732719865463706,410.4645482586334,2803.5814512971324,3026.5720967651055,3163.738343115575,2449.3959301846708,3965.2240410760955
2007,3346267002.0,1.23615216555409,6675130418.0,57968741828029.39,31180501.0,294.8394485490958,170.6825859480438,7.771912906194708,473.2939474033343,2746.4390508981232,3079.4350424798645,3301.8649403018794,2512.257367510712,3956.5565107555785
2008,3421841292.0,1.23977733493925,6757887172.0,63616066492489.305,32181592.0,315.0463315151609,220.57211934806432,12.622139558973458,548.2405904221987,2737.860822085954,3256.250266635252,3410.0025135043334,2605.122611705633,3998.6525124221703
2009,3497913692.0,1.2238204470573402,6840591577.0,60340071198873.61,31891899.0,339.41325901782903,275.94929312563795,20.965023475966,636.327575619433,2699.2452419992132,3250.2031941442565,3409.7867878885895,2526.7411444634654,3897.8168047597887
2010,3574434195.0,1.2039263428166598,6922947261.0,66036932045341.39,33472376.0,378.8514791811845,341.614478368056,33.68315725517761,754.1491148044182,2767.5078144624576,3432.948977446895,3601.379439431387,2709.370524965637,3976.885379058914
2011,3648339756.0,1.17094638950479,7004011262.0,73357420394392.0,34847501.0,397.9084392407922,436.78640879645087,65.03586216820084,899.7307102054441,2651.7716162632732,3499.1995951451204,3866.476392761463,2800.48702674208,4008.0353110561714
2012,3723531164.0,1.18478340333657,7086993625.0,75045654452275.2,35470891.0,430.8496573789749,523.8093982790634,100.76443187870163,1055.4234875367401,2472.448640286076,3666.772983279648,3909.1423527761285,2857.969234722257,4120.291053934169
2013,3799949355.0,1.18481902825192,7170961674.0,77189608277384.89,35837591.0,464.0602092701422,645.3021853099538,139.05857121455284,1248.4209657946478,2491.673600860905,3793.2290447071873,3978.0352908932286,2891.756610939624,4128.50081807146
2014,3877658217.0,1.18104392200382,7255653881.0,79296107902414.61,36138285.0,502.15891907264063,712.0316971670599,197.91050837805102,1412.1011246177513,2540.7525408796228,3883.143442873298,3965.958617122504,2950.1991752253825,4223.17708116886
2015,3956546394.0,1.17004356040616,7340548192.0,75003074210656.5,36584937.685035564,536.4662441309196,831.3845071630337,260.7392187735252,1628.589970067479,2575.5566035896063,3884.4173571045953,3860.8504602083317,3010.9100349626738,4354.823310023972
2016,4036538900.0,1.16551280316151,7426103221.0,76102831192800.11,37084649.2809902,556.6233559346937,956.8735422049128,328.3781144657456,1841.8750126053515,2615.2420389700783,4017.743773213729,3660.8031928223736,3045.305677583027,4367.980220784145
2017,4116669665.0,1.14309258131439,7510990456.0,80891341462319.11,37608335.371129,584.9758269564686,1127.9895865594092,453.51765745583276,2166.483070971708,2638.982195327135,4065.443127496832,3754.9895200354067,3162.287106404813,4379.862349730781
2018,4196356648.0,1.1087738759336896,7594270356.0,85804390603622.0,38146777.09885983,625.805361810136,1269.9533747046175,584.6309178408148,2480.3896543555666,2701.4319987042218,4193.104151157986,3916.7821102490348,3325.761769727648,4474.326494201825
2019,4275960959.105935,1.0849232747453412,7677100382.45922,88516423117236.89,38685703.89530167,662.0380571146562,1437.1181805974986,719.7721754518535,2809.02010068089,2745.668485008542,4259.813540926263,4075.4284401556515,3466.3577590424,4521.761538022304
2020,4355492721.178593,1.0628094588208312,7759682205.391801,91162020728641.62,39227194.497514166,701.7092036454807,1595.9627459167943,858.6903066388785,3144.911396671262,2793.2427784767856,4374.791559873735,4239.309528528281,3625.0720332668207,4600.793652100546
2021,4434821144.352732,1.0403729862802498,7842013023.796514,93823679879272.23,39769796.7141958,741.0344143144815,1767.1760410925335,1001.3528722552469,3490.2558118785673,2835.9883759509084,4453.326608519328,4407.431264194296,3777.6563186927115,4663.689200492565
2022,4513810980.048527,1.019508818453516,7924154681.034844,95719439738323.94,40312731.440628864,781.7972685603859,1937.980346793519,1147.7556572368262,3844.408953463689,2877.0013310238346,4561.162852701533,4579.911326328129,3938.462199292935,4739.44612694495
2023,4592487494.584077,1.0003172180876114,8006347916.891917,97556812133796.19,40856189.07618234,823.1566058975789,2116.272452800107,1297.8981101815089,4207.560411679835,2915.106175719094,4647.246561553298,4756.735672266087,4098.9885218541085,4810.43594039076
2024,4670851294.294747,0.9808533459636126,8088684188.830183,99696122251019.72,41399752.62724757,865.5093740854243,2297.1691032961817,1451.7801563193652,4579.654404162612,2950.748834271948,4751.246124584492,4937.905486325515,4264.27328288864,4887.381472204173
2025,4748889927.60378,0.961360258586092,8171199174.255851,101740282608069.5,41943402.60744461,908.6681360176516,2483.6918216992044,1609.4017731980277,4960.707396161589,2983.759438565972,4842.323157010849,5123.42119349087,4431.328122150645,4963.755489932051
2026,4826583781.005715,0.9419801083048872,8253911579.101846,103730820384155.0,42487109.09515556,952.7214476684971,2673.970035542388,1770.7629528978073,5350.714540927405,3014.2021020817206,4944.4640303604765,5313.282607352209,4601.925830749157,5043.532992163312
2027,4903940094.910769,0.9225339154397911,8336834538.375104,105854831600088.2,43030825.437060505,997.6274427824735,2869.1624314580044,1935.8636856296066,5749.677295686997,3042.052081814723,5039.0028682755,5507.4894398981905,4775.013366426483,5124.291121297605
2028,4980967337.314524,0.9029354264405528,8419946836.306722,107983134402834.67,43574557.5307434,1043.4059220083525,3068.5509556040815,2104.7039645225436,6157.5952518969825,3067.3184511124796,5140.472250602883,5706.0414741169725,4951.2159162327625,5207.506842497783
2029,5057674816.7066,0.8833199503078196,8503211652.980388,110056909916733.39,44118294.82829187,1090.0475139519704,3272.5808378109823,2277.2837799856325,6574.468550465487,3089.9974008146078,5237.552837018862,5908.938729855056,5130.16127246706,5292.278834436713
2030,5134070481.858528,0.8636916372891832,8586587471.535934,112158630256341.22,44662034.42530455,1137.5566535502096,3480.9759138681993,2453.6031255534667,7000.297159285637,3110.089882438258,5339.065153606898,6116.181070622746,5312.0705522815615,5379.156651646346
2031,5210166743.602291,0.8440411003952677,8670033528.733583,114274645788819.08,45205776.27666699,1185.9312384746884,3693.9075850317213,2633.661995253634,7435.0811239318255,3127.595429899711,5438.133092744103,6327.768340405517,5496.811826578151,5467.804569022447
2032,5285976828.196788,0.8243842307076553,8753510416.894463,116365754849251.62,45749518.61259515,1235.172265190508,3911.2694527991357,2817.460384219174,7878.820443122624,3142.5139070694854,5540.119233720949,6543.700467432848,5684.463328764605,5558.427368233994
2033,5361514466.9542,0.8047353233252497,8836984707.95884,118457912468833.34,46293261.43082208,1285.279258168194,4133.127615661844,3004.9982864957724,8331.51515073495,3154.845128691325,5640.839952130467,6763.9774733449185,5874.978106156232,5650.899597943897
2034,5436792942.290391,0.7850877786661531,8920431244.782164,120560988236819.73,46837004.49673616,1336.2524427995131,4359.4410145426455,3196.2756933670644,8793.165214100556,3164.5888525864043,5743.560452747342,6988.59929478185,6068.3838232839835,5745.297544449077
2035,5511825923.695315,0.7654410741101936,9003833607.690935,122657606536770.64,47380747.63377536,1388.0917111607127,4590.235184767501,3391.2926050425135,9263.77066447314,3171.7449342131436,5845.731550903695,7217.565545337315,6264.663824301547,5841.57444112141
2036,5586626887.478556,0.7457964454019347,9087183328.516193,124751260650162.66,47924490.85049667,1440.7971126393866,4825.4942614573365,3590.0490177135493,9743.331507859073,3176.3132476393566,5949.344192362727,7450.876254123602,6463.827656864405,5939.7585583097125
2037,5661209023.245392,0.726152989262516,9170479012.30278,126849860780651.05,48468234.091501966,1494.3686222651286,5065.228124487315,3792.5449276565055,10231.847752302816,3178.293771195332,6052.84305190766,7688.531488315476,6665.869326590993,6039.832392366327
2038,5735584974.551175,0.7065091929754181,9253724888.820192,128947920500396.34,49011977.34700093,1548.806251927137,5309.430635540533,3998.7803286315916,10729.319406258062,3177.6863286301036,6157.443698357422,7930.531652884607,6870.7922996925745,6141.806582384346
2039,5809766938.604158,0.6868652059970948,9336929092.01953,131043746755823.69,49555720.61294697,1604.1099944617192,5558.105624988911,4208.755214656512,11235.746475893544,3174.490803495925,6262.195897424666,8176.876208215685,7078.59415778463,6245.674219693963
2040,5883766564.356071,0.6672210061930284,9420101938.791124,133140993327715.69,50099463.881689504,1660.2798516750368,5811.250715320949,4422.46958251368,11751.12895429085,3168.7069679635683,6367.842705881197,8427.56514902634,7289.2760996575735,6351.439384132912
2041,5957594950.813005,0.6475764138261663,9503254449.876661,135238804299204.86,50643207.15309549,1717.3158223456003,6068.867399711623,4639.923429907704,12275.46687024013,3160.334884874662,6473.803010081635,8682.59863863812,7502.837322292367,6459.0994558975035
2042,6031262594.830356,0.6279314290671654,9586397129.019218,137335596999026.33,51186950.42565832,1775.2179056688121,6330.954753674758,4861.1167518478815,12808.760212775716,3149.374230408405,6580.531502775469,8941.976379892752,7719.278093023526,6568.655853384015
2043,6104779417.087672,0.6082861714487793,9669539061.833841,139432555910126.98,51730693.69868826,1833.9861027499776,6597.513361597118,5086.049547350737,13351.00900634995,3135.825074681345,6687.672376425938,9205.698424384474,7938.5980923779625,6680.10760413229
2044,6178154763.230978,0.5886406641627187,9752687354.691004,141529971370418.7,52274436.9721187,1893.6204121119836,6868.54286894919,5314.721812536247,13902.213250157118,3119.6871240022156,6795.504184370641,9473.764674475273,8160.797339234358,6793.454989600453
2045,6251397422.898307,0.5689949197142826,9835846897.081043,143627076373986.38,52818180.24567462,1954.1208339621799,7144.043504048189,5547.133541854768,14462.372954540668,3100.960412739458,6903.808956944444,9746.17519214044,8385.875659534702,6908.69778014222
2046,6324515638.190481,0.5493489727659098,9919020388.84244,145724077976182.84,53361923.519317746,2015.4873673229642,7424.015133601766,5783.284733727692,15031.488118275203,3079.644705011348,7012.757364221024,10022.92987075285,8613.832952931496,7025.83597798196
2047,6397517132.856194,0.5297028397900605,10002208570.492096,147821292826329.3,53905666.793011405,2077.720011631991,7708.457845587457,6023.175386444291,15609.558757396624,3055.740024591051,7122.215727348958,10304.028775207118,8844.669118695594,7144.869493974713
2048,6470409134.460833,0.5100565250279449,10085410590.061716,149918463171722.5,54449410.066722274,2140.8187671086766,7997.37159216046,6266.805498459854,16196.584868988293,3029.246560159441,7232.288764646475,10589.471866911581,9078.384089794838,7265.798360094599
2049,6543198399.243152,0.4904100350893245,10168624441.47537,152015540515802.88,54993153.34044804,2204.7836325388494,8290.756407910054,6514.175065419053,16792.566458217865,3000.1638756997954,7342.894441223007,10879.258914291495,9314.977713794537,7388.622273278578
